00701
00001
00901
00001
06E71
0000B
00EE1
FFFFD
11AE0
11BE1
00001
11CE1
00002
10301
00100
10401
00101
10501
00102
01754
00771
00001
01843
07881
00008
00881
00001
00680
14301
00014
00B01
000FF
14B01
00015
14901
00016
00C04
0C1C5
0002F
14C01
00014
00CC1
00001
14901
00016
09100
00025
00B00
00A07
0D1A0
00038
01AA8
00BB1
00001
09100
00031
0A1A0
0003C
00BB1
00001
00A00
0D189
00058
00C00
00AAB
0C1CA
00054
0C1C7
00054
01468
00441
00001
06441
00008
00443
004C4
14401
00014
14901
00016
00CC1
00001
09100
00041
00881
FFFFF
09100
0003D
10AE0
10BE1
00001
10CE1
00002
00E01
00003
15000
00000
00000
00000
00000
00000
00000
00000
00000
00000
00000
00000
00000
00000
00000
00000
00000
00000
00000
00000
00000
00000
00000
00000
00000
00000
00000
00000
00000
00000
00000
00000
00000
00000
00000
00000
00000
00000
00000
00000
00000
00000
00000
00000
00000
00000
00000
00000
00000
00000
00000
00000
00000
00000
00000
00000
00000
00000
00000
00000
00000
00000
00000
00000
00000
00000
00000
00000
00000
00000
00000
00000
00000
00000
00000
00000
00000
00000
00000
00000
00000
00000
00000
00000
00000
00000
00000
00000
00000
00000
00000
00000
00000
00000
00000
00000
00000
00000
00000
00000
00000
00000
00000
00000
00000
00000
00000
00000
00000
00000
00000
00000
00000
00000
00000
00000
00000
00000
00000
00000
00000
00000
00000
00000
00000
00000
00000
00000
00000
00000
00000
00000
00000
00000
00000
00000
00000
00000
00000
00000
00000
00000
00000
00000
00000
00000
00000
00000
00000
00000
00000
00000
00000
00000
00000
00000
00000
00000
00000
00000
00000
00335
06735
06798
