000 00801 00000000 00000001 00000000 00000000 00000000 00000000 00000000 00000000 00000000 00000000 00000000 00000000 00000000 00000000 00000000 00000000
002 06E81 00000000 0000000B 00000000 00000000 00000000 00000000 00000000 00000000 00000001 00000000 00000000 00000000 00000000 00000000 00000000 00000000
004 10301 00000000 00000100 00000000 00000000 00000000 00000000 00000000 00000000 00000001 00000000 00000000 00000000 00000000 00000000 00000800 00000000
006 10401 00000000 00000101 00000000 00000005 00000000 00000000 00000000 00000000 00000001 00000000 00000000 00000000 00000000 00000000 00000800 00000000
008 0FF10 00000000 0000000D 00000000 00000005 00000002 00000000 00000000 00000000 00000001 00000000 00000000 00000000 00000000 00000000 00000800 00000000
00D 00EE1 00000000 FFFFFFFC 00000000 00000005 00000002 00000000 00000000 00000000 00000001 00000000 00000000 00000000 00000000 00000000 00000800 0000000A
00F 113E1 00000000 00000000 00000000 00000005 00000002 00000000 00000000 00000000 00000001 00000000 00000000 00000000 00000000 00000000 000007FC 0000000A
011 114E1 00000000 00000001 00000000 00000005 00000002 00000000 00000000 00000000 00000001 00000000 00000000 00000000 00000000 00000000 000007FC 0000000A
013 11AE1 00000000 00000002 00000000 00000005 00000002 00000000 00000000 00000000 00000001 00000000 00000000 00000000 00000000 00000000 000007FC 0000000A
015 11FE1 00000000 00000003 00000000 00000005 00000002 00000000 00000000 00000000 00000001 00000000 00000000 00000000 00000000 00000000 000007FC 0000000A
017 01934 00000000 00000000 00000000 00000005 00000002 00000000 00000000 00000000 00000001 00000000 00000000 00000000 00000000 00000000 000007FC 0000000A
018 02994 00000000 00000000 00000000 00000005 00000002 00000000 00000000 00000000 00000001 00000003 00000000 00000000 00000000 00000000 000007FC 0000000A
019 0A190 00000000 0000001F 00000000 00000005 00000002 00000000 00000000 00000000 00000001 00000006 00000000 00000000 00000000 00000000 000007FC 0000000A
01F 00331 00000000 FFFFFFFF 00000000 00000005 00000002 00000000 00000000 00000000 00000001 00000006 00000000 00000000 00000000 00000000 000007FC 0000000A
021 0FF10 00000000 0000000D 00000000 00000004 00000002 00000000 00000000 00000000 00000001 00000006 00000000 00000000 00000000 00000000 000007FC 0000000A
00D 00EE1 00000000 FFFFFFFC 00000000 00000004 00000002 00000000 00000000 00000000 00000001 00000006 00000000 00000000 00000000 00000000 000007FC 00000023
00F 113E1 00000000 00000000 00000000 00000004 00000002 00000000 00000000 00000000 00000001 00000006 00000000 00000000 00000000 00000000 000007F8 00000023
011 114E1 00000000 00000001 00000000 00000004 00000002 00000000 00000000 00000000 00000001 00000006 00000000 00000000 00000000 00000000 000007F8 00000023
013 11AE1 00000000 00000002 00000000 00000004 00000002 00000000 00000000 00000000 00000001 00000006 00000000 00000000 00000000 00000000 000007F8 00000023
015 11FE1 00000000 00000003 00000000 00000004 00000002 00000000 00000000 00000000 00000001 00000006 00000000 00000000 00000000 00000000 000007F8 00000023
017 01934 00000000 00000000 00000000 00000004 00000002 00000000 00000000 00000000 00000001 00000006 00000000 00000000 00000000 00000000 000007F8 00000023
018 02994 00000000 00000000 00000000 00000004 00000002 00000000 00000000 00000000 00000001 00000002 00000000 00000000 00000000 00000000 000007F8 00000023
019 0A190 00000000 0000001F 00000000 00000004 00000002 00000000 00000000 00000000 00000001 00000004 00000000 00000000 00000000 00000000 000007F8 00000023
01F 00331 00000000 FFFFFFFF 00000000 00000004 00000002 00000000 00000000 00000000 00000001 00000004 00000000 00000000 00000000 00000000 000007F8 00000023
021 0FF10 00000000 0000000D 00000000 00000003 00000002 00000000 00000000 00000000 00000001 00000004 00000000 00000000 00000000 00000000 000007F8 00000023
00D 00EE1 00000000 FFFFFFFC 00000000 00000003 00000002 00000000 00000000 00000000 00000001 00000004 00000000 00000000 00000000 00000000 000007F8 00000023
00F 113E1 00000000 00000000 00000000 00000003 00000002 00000000 00000000 00000000 00000001 00000004 00000000 00000000 00000000 00000000 000007F4 00000023
011 114E1 00000000 00000001 00000000 00000003 00000002 00000000 00000000 00000000 00000001 00000004 00000000 00000000 00000000 00000000 000007F4 00000023
013 11AE1 00000000 00000002 00000000 00000003 00000002 00000000 00000000 00000000 00000001 00000004 00000000 00000000 00000000 00000000 000007F4 00000023
015 11FE1 00000000 00000003 00000000 00000003 00000002 00000000 00000000 00000000 00000001 00000004 00000000 00000000 00000000 00000000 000007F4 00000023
017 01934 00000000 00000000 00000000 00000003 00000002 00000000 00000000 00000000 00000001 00000004 00000000 00000000 00000000 00000000 000007F4 00000023
018 02994 00000000 00000000 00000000 00000003 00000002 00000000 00000000 00000000 00000001 00000001 00000000 00000000 00000000 00000000 000007F4 00000023
019 0A190 00000000 0000001F 00000000 00000003 00000002 00000000 00000000 00000000 00000001 00000002 00000000 00000000 00000000 00000000 000007F4 00000023
01F 00331 00000000 FFFFFFFF 00000000 00000003 00000002 00000000 00000000 00000000 00000001 00000002 00000000 00000000 00000000 00000000 000007F4 00000023
021 0FF10 00000000 0000000D 00000000 00000002 00000002 00000000 00000000 00000000 00000001 00000002 00000000 00000000 00000000 00000000 000007F4 00000023
00D 00EE1 00000000 FFFFFFFC 00000000 00000002 00000002 00000000 00000000 00000000 00000001 00000002 00000000 00000000 00000000 00000000 000007F4 00000023
00F 113E1 00000000 00000000 00000000 00000002 00000002 00000000 00000000 00000000 00000001 00000002 00000000 00000000 00000000 00000000 000007F0 00000023
011 114E1 00000000 00000001 00000000 00000002 00000002 00000000 00000000 00000000 00000001 00000002 00000000 00000000 00000000 00000000 000007F0 00000023
013 11AE1 00000000 00000002 00000000 00000002 00000002 00000000 00000000 00000000 00000001 00000002 00000000 00000000 00000000 00000000 000007F0 00000023
015 11FE1 00000000 00000003 00000000 00000002 00000002 00000000 00000000 00000000 00000001 00000002 00000000 00000000 00000000 00000000 000007F0 00000023
017 01934 00000000 00000000 00000000 00000002 00000002 00000000 00000000 00000000 00000001 00000002 00000000 00000000 00000000 00000000 000007F0 00000023
018 02994 00000000 00000000 00000000 00000002 00000002 00000000 00000000 00000000 00000001 00000000 00000000 00000000 00000000 00000000 000007F0 00000023
019 0A190 00000000 0000001F 00000000 00000002 00000002 00000000 00000000 00000000 00000001 00000000 00000000 00000000 00000000 00000000 000007F0 00000023
01B 00210 00000000 00000001 00000000 00000002 00000002 00000000 00000000 00000000 00000001 00000000 00000000 00000000 00000000 00000000 000007F0 00000023
01D 09100 00000000 00000035 00000001 00000002 00000002 00000000 00000000 00000000 00000001 00000000 00000000 00000000 00000000 00000000 000007F0 00000023
035 00EE1 00000000 00000004 00000001 00000002 00000002 00000000 00000000 00000000 00000001 00000000 00000000 00000000 00000000 00000000 000007F0 00000023
037 09F00 00000000 00000000 00000001 00000002 00000002 00000000 00000000 00000000 00000001 00000000 00000000 00000000 00000000 00000000 000007F4 00000023
023 00A20 00000000 00000000 00000001 00000002 00000002 00000000 00000000 00000000 00000001 00000000 00000000 00000000 00000000 00000000 000007F4 00000023
024 103E1 00000000 00000000 00000001 00000002 00000002 00000000 00000000 00000000 00000001 00000000 00000001 00000000 00000000 00000000 000007F4 00000023
026 00331 00000000 FFFFFFFF 00000001 00000003 00000002 00000000 00000000 00000000 00000001 00000000 00000001 00000000 00000000 00000000 000007F4 00000023
028 00441 00000000 FFFFFFFF 00000001 00000002 00000002 00000000 00000000 00000000 00000001 00000000 00000001 00000000 00000000 00000000 000007F4 00000023
02A 0FF10 00000000 0000000D 00000001 00000002 00000001 00000000 00000000 00000000 00000001 00000000 00000001 00000000 00000000 00000000 000007F4 00000023
00D 00EE1 00000000 FFFFFFFC 00000001 00000002 00000001 00000000 00000000 00000000 00000001 00000000 00000001 00000000 00000000 00000000 000007F4 0000002C
00F 113E1 00000000 00000000 00000001 00000002 00000001 00000000 00000000 00000000 00000001 00000000 00000001 00000000 00000000 00000000 000007F0 0000002C
011 114E1 00000000 00000001 00000001 00000002 00000001 00000000 00000000 00000000 00000001 00000000 00000001 00000000 00000000 00000000 000007F0 0000002C
013 11AE1 00000000 00000002 00000001 00000002 00000001 00000000 00000000 00000000 00000001 00000000 00000001 00000000 00000000 00000000 000007F0 0000002C
015 11FE1 00000000 00000003 00000001 00000002 00000001 00000000 00000000 00000000 00000001 00000000 00000001 00000000 00000000 00000000 000007F0 0000002C
017 01934 00000000 00000000 00000001 00000002 00000001 00000000 00000000 00000000 00000001 00000000 00000001 00000000 00000000 00000000 000007F0 0000002C
018 02994 00000000 00000000 00000001 00000002 00000001 00000000 00000000 00000000 00000001 00000001 00000001 00000000 00000000 00000000 000007F0 0000002C
019 0A190 00000000 0000001F 00000001 00000002 00000001 00000000 00000000 00000000 00000001 00000001 00000001 00000000 00000000 00000000 000007F0 0000002C
01F 00331 00000000 FFFFFFFF 00000001 00000002 00000001 00000000 00000000 00000000 00000001 00000001 00000001 00000000 00000000 00000000 000007F0 0000002C
021 0FF10 00000000 0000000D 00000001 00000001 00000001 00000000 00000000 00000000 00000001 00000001 00000001 00000000 00000000 00000000 000007F0 0000002C
00D 00EE1 00000000 FFFFFFFC 00000001 00000001 00000001 00000000 00000000 00000000 00000001 00000001 00000001 00000000 00000000 00000000 000007F0 00000023
00F 113E1 00000000 00000000 00000001 00000001 00000001 00000000 00000000 00000000 00000001 00000001 00000001 00000000 00000000 00000000 000007EC 00000023
011 114E1 00000000 00000001 00000001 00000001 00000001 00000000 00000000 00000000 00000001 00000001 00000001 00000000 00000000 00000000 000007EC 00000023
013 11AE1 00000000 00000002 00000001 00000001 00000001 00000000 00000000 00000000 00000001 00000001 00000001 00000000 00000000 00000000 000007EC 00000023
015 11FE1 00000000 00000003 00000001 00000001 00000001 00000000 00000000 00000000 00000001 00000001 00000001 00000000 00000000 00000000 000007EC 00000023
017 01934 00000000 00000000 00000001 00000001 00000001 00000000 00000000 00000000 00000001 00000001 00000001 00000000 00000000 00000000 000007EC 00000023
018 02994 00000000 00000000 00000001 00000001 00000001 00000000 00000000 00000000 00000001 00000000 00000001 00000000 00000000 00000000 000007EC 00000023
019 0A190 00000000 0000001F 00000001 00000001 00000001 00000000 00000000 00000000 00000001 00000000 00000001 00000000 00000000 00000000 000007EC 00000023
01B 00210 00000000 00000001 00000001 00000001 00000001 00000000 00000000 00000000 00000001 00000000 00000001 00000000 00000000 00000000 000007EC 00000023
01D 09100 00000000 00000035 00000001 00000001 00000001 00000000 00000000 00000000 00000001 00000000 00000001 00000000 00000000 00000000 000007EC 00000023
035 00EE1 00000000 00000004 00000001 00000001 00000001 00000000 00000000 00000000 00000001 00000000 00000001 00000000 00000000 00000000 000007EC 00000023
037 09F00 00000000 00000000 00000001 00000001 00000001 00000000 00000000 00000000 00000001 00000000 00000001 00000000 00000000 00000000 000007F0 00000023
023 00A20 00000000 00000000 00000001 00000001 00000001 00000000 00000000 00000000 00000001 00000000 00000001 00000000 00000000 00000000 000007F0 00000023
024 103E1 00000000 00000000 00000001 00000001 00000001 00000000 00000000 00000000 00000001 00000000 00000001 00000000 00000000 00000000 000007F0 00000023
026 00331 00000000 FFFFFFFF 00000001 00000002 00000001 00000000 00000000 00000000 00000001 00000000 00000001 00000000 00000000 00000000 000007F0 00000023
028 00441 00000000 FFFFFFFF 00000001 00000001 00000001 00000000 00000000 00000000 00000001 00000000 00000001 00000000 00000000 00000000 000007F0 00000023
02A 0FF10 00000000 0000000D 00000001 00000001 00000000 00000000 00000000 00000000 00000001 00000000 00000001 00000000 00000000 00000000 000007F0 00000023
00D 00EE1 00000000 FFFFFFFC 00000001 00000001 00000000 00000000 00000000 00000000 00000001 00000000 00000001 00000000 00000000 00000000 000007F0 0000002C
00F 113E1 00000000 00000000 00000001 00000001 00000000 00000000 00000000 00000000 00000001 00000000 00000001 00000000 00000000 00000000 000007EC 0000002C
011 114E1 00000000 00000001 00000001 00000001 00000000 00000000 00000000 00000000 00000001 00000000 00000001 00000000 00000000 00000000 000007EC 0000002C
013 11AE1 00000000 00000002 00000001 00000001 00000000 00000000 00000000 00000000 00000001 00000000 00000001 00000000 00000000 00000000 000007EC 0000002C
015 11FE1 00000000 00000003 00000001 00000001 00000000 00000000 00000000 00000000 00000001 00000000 00000001 00000000 00000000 00000000 000007EC 0000002C
017 01934 00000000 00000000 00000001 00000001 00000000 00000000 00000000 00000000 00000001 00000000 00000001 00000000 00000000 00000000 000007EC 0000002C
018 02994 00000000 00000000 00000001 00000001 00000000 00000000 00000000 00000000 00000001 00000001 00000001 00000000 00000000 00000000 000007EC 0000002C
019 0A190 00000000 0000001F 00000001 00000001 00000000 00000000 00000000 00000000 00000001 00000000 00000001 00000000 00000000 00000000 000007EC 0000002C
01B 00210 00000000 00000001 00000001 00000001 00000000 00000000 00000000 00000000 00000001 00000000 00000001 00000000 00000000 00000000 000007EC 0000002C
01D 09100 00000000 00000035 00000001 00000001 00000000 00000000 00000000 00000000 00000001 00000000 00000001 00000000 00000000 00000000 000007EC 0000002C
035 00EE1 00000000 00000004 00000001 00000001 00000000 00000000 00000000 00000000 00000001 00000000 00000001 00000000 00000000 00000000 000007EC 0000002C
037 09F00 00000000 00000000 00000001 00000001 00000000 00000000 00000000 00000000 00000001 00000000 00000001 00000000 00000000 00000000 000007F0 0000002C
02C 0022A 00000000 00000000 00000001 00000001 00000000 00000000 00000000 00000000 00000001 00000000 00000001 00000000 00000000 00000000 000007F0 0000002C
02D 104E1 00000000 00000001 00000002 00000001 00000000 00000000 00000000 00000000 00000001 00000000 00000001 00000000 00000000 00000000 000007F0 0000002C
02F 10FE1 00000000 00000003 00000002 00000001 00000001 00000000 00000000 00000000 00000001 00000000 00000001 00000000 00000000 00000000 000007F0 0000002C
031 10AE1 00000000 00000002 00000002 00000001 00000001 00000000 00000000 00000000 00000001 00000000 00000001 00000000 00000000 00000000 000007F0 0000002C
033 103E1 00000000 00000000 00000002 00000001 00000001 00000000 00000000 00000000 00000001 00000000 00000001 00000000 00000000 00000000 000007F0 0000002C
035 00EE1 00000000 00000004 00000002 00000002 00000001 00000000 00000000 00000000 00000001 00000000 00000001 00000000 00000000 00000000 000007F0 0000002C
037 09F00 00000000 00000000 00000002 00000002 00000001 00000000 00000000 00000000 00000001 00000000 00000001 00000000 00000000 00000000 000007F4 0000002C
02C 0022A 00000000 00000000 00000002 00000002 00000001 00000000 00000000 00000000 00000001 00000000 00000001 00000000 00000000 00000000 000007F4 0000002C
02D 104E1 00000000 00000001 00000003 00000002 00000001 00000000 00000000 00000000 00000001 00000000 00000001 00000000 00000000 00000000 000007F4 0000002C
02F 10FE1 00000000 00000003 00000003 00000002 00000002 00000000 00000000 00000000 00000001 00000000 00000001 00000000 00000000 00000000 000007F4 0000002C
031 10AE1 00000000 00000002 00000003 00000002 00000002 00000000 00000000 00000000 00000001 00000000 00000001 00000000 00000000 00000000 000007F4 00000023
033 103E1 00000000 00000000 00000003 00000002 00000002 00000000 00000000 00000000 00000001 00000000 00000000 00000000 00000000 00000000 000007F4 00000023
035 00EE1 00000000 00000004 00000003 00000003 00000002 00000000 00000000 00000000 00000001 00000000 00000000 00000000 00000000 00000000 000007F4 00000023
037 09F00 00000000 00000000 00000003 00000003 00000002 00000000 00000000 00000000 00000001 00000000 00000000 00000000 00000000 00000000 000007F8 00000023
023 00A20 00000000 00000000 00000003 00000003 00000002 00000000 00000000 00000000 00000001 00000000 00000000 00000000 00000000 00000000 000007F8 00000023
024 103E1 00000000 00000000 00000003 00000003 00000002 00000000 00000000 00000000 00000001 00000000 00000003 00000000 00000000 00000000 000007F8 00000023
026 00331 00000000 FFFFFFFF 00000003 00000004 00000002 00000000 00000000 00000000 00000001 00000000 00000003 00000000 00000000 00000000 000007F8 00000023
028 00441 00000000 FFFFFFFF 00000003 00000003 00000002 00000000 00000000 00000000 00000001 00000000 00000003 00000000 00000000 00000000 000007F8 00000023
02A 0FF10 00000000 0000000D 00000003 00000003 00000001 00000000 00000000 00000000 00000001 00000000 00000003 00000000 00000000 00000000 000007F8 00000023
00D 00EE1 00000000 FFFFFFFC 00000003 00000003 00000001 00000000 00000000 00000000 00000001 00000000 00000003 00000000 00000000 00000000 000007F8 0000002C
00F 113E1 00000000 00000000 00000003 00000003 00000001 00000000 00000000 00000000 00000001 00000000 00000003 00000000 00000000 00000000 000007F4 0000002C
011 114E1 00000000 00000001 00000003 00000003 00000001 00000000 00000000 00000000 00000001 00000000 00000003 00000000 00000000 00000000 000007F4 0000002C
013 11AE1 00000000 00000002 00000003 00000003 00000001 00000000 00000000 00000000 00000001 00000000 00000003 00000000 00000000 00000000 000007F4 0000002C
015 11FE1 00000000 00000003 00000003 00000003 00000001 00000000 00000000 00000000 00000001 00000000 00000003 00000000 00000000 00000000 000007F4 0000002C
017 01934 00000000 00000000 00000003 00000003 00000001 00000000 00000000 00000000 00000001 00000000 00000003 00000000 00000000 00000000 000007F4 0000002C
018 02994 00000000 00000000 00000003 00000003 00000001 00000000 00000000 00000000 00000001 00000002 00000003 00000000 00000000 00000000 000007F4 0000002C
019 0A190 00000000 0000001F 00000003 00000003 00000001 00000000 00000000 00000000 00000001 00000002 00000003 00000000 00000000 00000000 000007F4 0000002C
01F 00331 00000000 FFFFFFFF 00000003 00000003 00000001 00000000 00000000 00000000 00000001 00000002 00000003 00000000 00000000 00000000 000007F4 0000002C
021 0FF10 00000000 0000000D 00000003 00000002 00000001 00000000 00000000 00000000 00000001 00000002 00000003 00000000 00000000 00000000 000007F4 0000002C
00D 00EE1 00000000 FFFFFFFC 00000003 00000002 00000001 00000000 00000000 00000000 00000001 00000002 00000003 00000000 00000000 00000000 000007F4 00000023
00F 113E1 00000000 00000000 00000003 00000002 00000001 00000000 00000000 00000000 00000001 00000002 00000003 00000000 00000000 00000000 000007F0 00000023
011 114E1 00000000 00000001 00000003 00000002 00000001 00000000 00000000 00000000 00000001 00000002 00000003 00000000 00000000 00000000 000007F0 00000023
013 11AE1 00000000 00000002 00000003 00000002 00000001 00000000 00000000 00000000 00000001 00000002 00000003 00000000 00000000 00000000 000007F0 00000023
015 11FE1 00000000 00000003 00000003 00000002 00000001 00000000 00000000 00000000 00000001 00000002 00000003 00000000 00000000 00000000 000007F0 00000023
017 01934 00000000 00000000 00000003 00000002 00000001 00000000 00000000 00000000 00000001 00000002 00000003 00000000 00000000 00000000 000007F0 00000023
018 02994 00000000 00000000 00000003 00000002 00000001 00000000 00000000 00000000 00000001 00000001 00000003 00000000 00000000 00000000 000007F0 00000023
019 0A190 00000000 0000001F 00000003 00000002 00000001 00000000 00000000 00000000 00000001 00000001 00000003 00000000 00000000 00000000 000007F0 00000023
01F 00331 00000000 FFFFFFFF 00000003 00000002 00000001 00000000 00000000 00000000 00000001 00000001 00000003 00000000 00000000 00000000 000007F0 00000023
021 0FF10 00000000 0000000D 00000003 00000001 00000001 00000000 00000000 00000000 00000001 00000001 00000003 00000000 00000000 00000000 000007F0 00000023
00D 00EE1 00000000 FFFFFFFC 00000003 00000001 00000001 00000000 00000000 00000000 00000001 00000001 00000003 00000000 00000000 00000000 000007F0 00000023
00F 113E1 00000000 00000000 00000003 00000001 00000001 00000000 00000000 00000000 00000001 00000001 00000003 00000000 00000000 00000000 000007EC 00000023
011 114E1 00000000 00000001 00000003 00000001 00000001 00000000 00000000 00000000 00000001 00000001 00000003 00000000 00000000 00000000 000007EC 00000023
013 11AE1 00000000 00000002 00000003 00000001 00000001 00000000 00000000 00000000 00000001 00000001 00000003 00000000 00000000 00000000 000007EC 00000023
015 11FE1 00000000 00000003 00000003 00000001 00000001 00000000 00000000 00000000 00000001 00000001 00000003 00000000 00000000 00000000 000007EC 00000023
017 01934 00000000 00000000 00000003 00000001 00000001 00000000 00000000 00000000 00000001 00000001 00000003 00000000 00000000 00000000 000007EC 00000023
018 02994 00000000 00000000 00000003 00000001 00000001 00000000 00000000 00000000 00000001 00000000 00000003 00000000 00000000 00000000 000007EC 00000023
019 0A190 00000000 0000001F 00000003 00000001 00000001 00000000 00000000 00000000 00000001 00000000 00000003 00000000 00000000 00000000 000007EC 00000023
01B 00210 00000000 00000001 00000003 00000001 00000001 00000000 00000000 00000000 00000001 00000000 00000003 00000000 00000000 00000000 000007EC 00000023
01D 09100 00000000 00000035 00000001 00000001 00000001 00000000 00000000 00000000 00000001 00000000 00000003 00000000 00000000 00000000 000007EC 00000023
035 00EE1 00000000 00000004 00000001 00000001 00000001 00000000 00000000 00000000 00000001 00000000 00000003 00000000 00000000 00000000 000007EC 00000023
037 09F00 00000000 00000000 00000001 00000001 00000001 00000000 00000000 00000000 00000001 00000000 00000003 00000000 00000000 00000000 000007F0 00000023
023 00A20 00000000 00000000 00000001 00000001 00000001 00000000 00000000 00000000 00000001 00000000 00000003 00000000 00000000 00000000 000007F0 00000023
024 103E1 00000000 00000000 00000001 00000001 00000001 00000000 00000000 00000000 00000001 00000000 00000001 00000000 00000000 00000000 000007F0 00000023
026 00331 00000000 FFFFFFFF 00000001 00000002 00000001 00000000 00000000 00000000 00000001 00000000 00000001 00000000 00000000 00000000 000007F0 00000023
028 00441 00000000 FFFFFFFF 00000001 00000001 00000001 00000000 00000000 00000000 00000001 00000000 00000001 00000000 00000000 00000000 000007F0 00000023
02A 0FF10 00000000 0000000D 00000001 00000001 00000000 00000000 00000000 00000000 00000001 00000000 00000001 00000000 00000000 00000000 000007F0 00000023
00D 00EE1 00000000 FFFFFFFC 00000001 00000001 00000000 00000000 00000000 00000000 00000001 00000000 00000001 00000000 00000000 00000000 000007F0 0000002C
00F 113E1 00000000 00000000 00000001 00000001 00000000 00000000 00000000 00000000 00000001 00000000 00000001 00000000 00000000 00000000 000007EC 0000002C
011 114E1 00000000 00000001 00000001 00000001 00000000 00000000 00000000 00000000 00000001 00000000 00000001 00000000 00000000 00000000 000007EC 0000002C
013 11AE1 00000000 00000002 00000001 00000001 00000000 00000000 00000000 00000000 00000001 00000000 00000001 00000000 00000000 00000000 000007EC 0000002C
015 11FE1 00000000 00000003 00000001 00000001 00000000 00000000 00000000 00000000 00000001 00000000 00000001 00000000 00000000 00000000 000007EC 0000002C
017 01934 00000000 00000000 00000001 00000001 00000000 00000000 00000000 00000000 00000001 00000000 00000001 00000000 00000000 00000000 000007EC 0000002C
018 02994 00000000 00000000 00000001 00000001 00000000 00000000 00000000 00000000 00000001 00000001 00000001 00000000 00000000 00000000 000007EC 0000002C
019 0A190 00000000 0000001F 00000001 00000001 00000000 00000000 00000000 00000000 00000001 00000000 00000001 00000000 00000000 00000000 000007EC 0000002C
01B 00210 00000000 00000001 00000001 00000001 00000000 00000000 00000000 00000000 00000001 00000000 00000001 00000000 00000000 00000000 000007EC 0000002C
01D 09100 00000000 00000035 00000001 00000001 00000000 00000000 00000000 00000000 00000001 00000000 00000001 00000000 00000000 00000000 000007EC 0000002C
035 00EE1 00000000 00000004 00000001 00000001 00000000 00000000 00000000 00000000 00000001 00000000 00000001 00000000 00000000 00000000 000007EC 0000002C
037 09F00 00000000 00000000 00000001 00000001 00000000 00000000 00000000 00000000 00000001 00000000 00000001 00000000 00000000 00000000 000007F0 0000002C
02C 0022A 00000000 00000000 00000001 00000001 00000000 00000000 00000000 00000000 00000001 00000000 00000001 00000000 00000000 00000000 000007F0 0000002C
02D 104E1 00000000 00000001 00000002 00000001 00000000 00000000 00000000 00000000 00000001 00000000 00000001 00000000 00000000 00000000 000007F0 0000002C
02F 10FE1 00000000 00000003 00000002 00000001 00000001 00000000 00000000 00000000 00000001 00000000 00000001 00000000 00000000 00000000 000007F0 0000002C
031 10AE1 00000000 00000002 00000002 00000001 00000001 00000000 00000000 00000000 00000001 00000000 00000001 00000000 00000000 00000000 000007F0 00000023
033 103E1 00000000 00000000 00000002 00000001 00000001 00000000 00000000 00000000 00000001 00000000 00000003 00000000 00000000 00000000 000007F0 00000023
035 00EE1 00000000 00000004 00000002 00000002 00000001 00000000 00000000 00000000 00000001 00000000 00000003 00000000 00000000 00000000 000007F0 00000023
037 09F00 00000000 00000000 00000002 00000002 00000001 00000000 00000000 00000000 00000001 00000000 00000003 00000000 00000000 00000000 000007F4 00000023
023 00A20 00000000 00000000 00000002 00000002 00000001 00000000 00000000 00000000 00000001 00000000 00000003 00000000 00000000 00000000 000007F4 00000023
024 103E1 00000000 00000000 00000002 00000002 00000001 00000000 00000000 00000000 00000001 00000000 00000002 00000000 00000000 00000000 000007F4 00000023
026 00331 00000000 FFFFFFFF 00000002 00000003 00000001 00000000 00000000 00000000 00000001 00000000 00000002 00000000 00000000 00000000 000007F4 00000023
028 00441 00000000 FFFFFFFF 00000002 00000002 00000001 00000000 00000000 00000000 00000001 00000000 00000002 00000000 00000000 00000000 000007F4 00000023
02A 0FF10 00000000 0000000D 00000002 00000002 00000000 00000000 00000000 00000000 00000001 00000000 00000002 00000000 00000000 00000000 000007F4 00000023
00D 00EE1 00000000 FFFFFFFC 00000002 00000002 00000000 00000000 00000000 00000000 00000001 00000000 00000002 00000000 00000000 00000000 000007F4 0000002C
00F 113E1 00000000 00000000 00000002 00000002 00000000 00000000 00000000 00000000 00000001 00000000 00000002 00000000 00000000 00000000 000007F0 0000002C
011 114E1 00000000 00000001 00000002 00000002 00000000 00000000 00000000 00000000 00000001 00000000 00000002 00000000 00000000 00000000 000007F0 0000002C
013 11AE1 00000000 00000002 00000002 00000002 00000000 00000000 00000000 00000000 00000001 00000000 00000002 00000000 00000000 00000000 000007F0 0000002C
015 11FE1 00000000 00000003 00000002 00000002 00000000 00000000 00000000 00000000 00000001 00000000 00000002 00000000 00000000 00000000 000007F0 0000002C
017 01934 00000000 00000000 00000002 00000002 00000000 00000000 00000000 00000000 00000001 00000000 00000002 00000000 00000000 00000000 000007F0 0000002C
018 02994 00000000 00000000 00000002 00000002 00000000 00000000 00000000 00000000 00000001 00000002 00000002 00000000 00000000 00000000 000007F0 0000002C
019 0A190 00000000 0000001F 00000002 00000002 00000000 00000000 00000000 00000000 00000001 00000000 00000002 00000000 00000000 00000000 000007F0 0000002C
01B 00210 00000000 00000001 00000002 00000002 00000000 00000000 00000000 00000000 00000001 00000000 00000002 00000000 00000000 00000000 000007F0 0000002C
01D 09100 00000000 00000035 00000001 00000002 00000000 00000000 00000000 00000000 00000001 00000000 00000002 00000000 00000000 00000000 000007F0 0000002C
035 00EE1 00000000 00000004 00000001 00000002 00000000 00000000 00000000 00000000 00000001 00000000 00000002 00000000 00000000 00000000 000007F0 0000002C
037 09F00 00000000 00000000 00000001 00000002 00000000 00000000 00000000 00000000 00000001 00000000 00000002 00000000 00000000 00000000 000007F4 0000002C
02C 0022A 00000000 00000000 00000001 00000002 00000000 00000000 00000000 00000000 00000001 00000000 00000002 00000000 00000000 00000000 000007F4 0000002C
02D 104E1 00000000 00000001 00000003 00000002 00000000 00000000 00000000 00000000 00000001 00000000 00000002 00000000 00000000 00000000 000007F4 0000002C
02F 10FE1 00000000 00000003 00000003 00000002 00000001 00000000 00000000 00000000 00000001 00000000 00000002 00000000 00000000 00000000 000007F4 0000002C
031 10AE1 00000000 00000002 00000003 00000002 00000001 00000000 00000000 00000000 00000001 00000000 00000002 00000000 00000000 00000000 000007F4 0000002C
033 103E1 00000000 00000000 00000003 00000002 00000001 00000000 00000000 00000000 00000001 00000000 00000003 00000000 00000000 00000000 000007F4 0000002C
035 00EE1 00000000 00000004 00000003 00000003 00000001 00000000 00000000 00000000 00000001 00000000 00000003 00000000 00000000 00000000 000007F4 0000002C
037 09F00 00000000 00000000 00000003 00000003 00000001 00000000 00000000 00000000 00000001 00000000 00000003 00000000 00000000 00000000 000007F8 0000002C
02C 0022A 00000000 00000000 00000003 00000003 00000001 00000000 00000000 00000000 00000001 00000000 00000003 00000000 00000000 00000000 000007F8 0000002C
02D 104E1 00000000 00000001 00000006 00000003 00000001 00000000 00000000 00000000 00000001 00000000 00000003 00000000 00000000 00000000 000007F8 0000002C
02F 10FE1 00000000 00000003 00000006 00000003 00000002 00000000 00000000 00000000 00000001 00000000 00000003 00000000 00000000 00000000 000007F8 0000002C
031 10AE1 00000000 00000002 00000006 00000003 00000002 00000000 00000000 00000000 00000001 00000000 00000003 00000000 00000000 00000000 000007F8 00000023
033 103E1 00000000 00000000 00000006 00000003 00000002 00000000 00000000 00000000 00000001 00000000 00000000 00000000 00000000 00000000 000007F8 00000023
035 00EE1 00000000 00000004 00000006 00000004 00000002 00000000 00000000 00000000 00000001 00000000 00000000 00000000 00000000 00000000 000007F8 00000023
037 09F00 00000000 00000000 00000006 00000004 00000002 00000000 00000000 00000000 00000001 00000000 00000000 00000000 00000000 00000000 000007FC 00000023
023 00A20 00000000 00000000 00000006 00000004 00000002 00000000 00000000 00000000 00000001 00000000 00000000 00000000 00000000 00000000 000007FC 00000023
024 103E1 00000000 00000000 00000006 00000004 00000002 00000000 00000000 00000000 00000001 00000000 00000006 00000000 00000000 00000000 000007FC 00000023
026 00331 00000000 FFFFFFFF 00000006 00000005 00000002 00000000 00000000 00000000 00000001 00000000 00000006 00000000 00000000 00000000 000007FC 00000023
028 00441 00000000 FFFFFFFF 00000006 00000004 00000002 00000000 00000000 00000000 00000001 00000000 00000006 00000000 00000000 00000000 000007FC 00000023
02A 0FF10 00000000 0000000D 00000006 00000004 00000001 00000000 00000000 00000000 00000001 00000000 00000006 00000000 00000000 00000000 000007FC 00000023
00D 00EE1 00000000 FFFFFFFC 00000006 00000004 00000001 00000000 00000000 00000000 00000001 00000000 00000006 00000000 00000000 00000000 000007FC 0000002C
00F 113E1 00000000 00000000 00000006 00000004 00000001 00000000 00000000 00000000 00000001 00000000 00000006 00000000 00000000 00000000 000007F8 0000002C
011 114E1 00000000 00000001 00000006 00000004 00000001 00000000 00000000 00000000 00000001 00000000 00000006 00000000 00000000 00000000 000007F8 0000002C
013 11AE1 00000000 00000002 00000006 00000004 00000001 00000000 00000000 00000000 00000001 00000000 00000006 00000000 00000000 00000000 000007F8 0000002C
015 11FE1 00000000 00000003 00000006 00000004 00000001 00000000 00000000 00000000 00000001 00000000 00000006 00000000 00000000 00000000 000007F8 0000002C
017 01934 00000000 00000000 00000006 00000004 00000001 00000000 00000000 00000000 00000001 00000000 00000006 00000000 00000000 00000000 000007F8 0000002C
018 02994 00000000 00000000 00000006 00000004 00000001 00000000 00000000 00000000 00000001 00000003 00000006 00000000 00000000 00000000 000007F8 0000002C
019 0A190 00000000 0000001F 00000006 00000004 00000001 00000000 00000000 00000000 00000001 00000003 00000006 00000000 00000000 00000000 000007F8 0000002C
01F 00331 00000000 FFFFFFFF 00000006 00000004 00000001 00000000 00000000 00000000 00000001 00000003 00000006 00000000 00000000 00000000 000007F8 0000002C
021 0FF10 00000000 0000000D 00000006 00000003 00000001 00000000 00000000 00000000 00000001 00000003 00000006 00000000 00000000 00000000 000007F8 0000002C
00D 00EE1 00000000 FFFFFFFC 00000006 00000003 00000001 00000000 00000000 00000000 00000001 00000003 00000006 00000000 00000000 00000000 000007F8 00000023
00F 113E1 00000000 00000000 00000006 00000003 00000001 00000000 00000000 00000000 00000001 00000003 00000006 00000000 00000000 00000000 000007F4 00000023
011 114E1 00000000 00000001 00000006 00000003 00000001 00000000 00000000 00000000 00000001 00000003 00000006 00000000 00000000 00000000 000007F4 00000023
013 11AE1 00000000 00000002 00000006 00000003 00000001 00000000 00000000 00000000 00000001 00000003 00000006 00000000 00000000 00000000 000007F4 00000023
015 11FE1 00000000 00000003 00000006 00000003 00000001 00000000 00000000 00000000 00000001 00000003 00000006 00000000 00000000 00000000 000007F4 00000023
017 01934 00000000 00000000 00000006 00000003 00000001 00000000 00000000 00000000 00000001 00000003 00000006 00000000 00000000 00000000 000007F4 00000023
018 02994 00000000 00000000 00000006 00000003 00000001 00000000 00000000 00000000 00000001 00000002 00000006 00000000 00000000 00000000 000007F4 00000023
019 0A190 00000000 0000001F 00000006 00000003 00000001 00000000 00000000 00000000 00000001 00000002 00000006 00000000 00000000 00000000 000007F4 00000023
01F 00331 00000000 FFFFFFFF 00000006 00000003 00000001 00000000 00000000 00000000 00000001 00000002 00000006 00000000 00000000 00000000 000007F4 00000023
021 0FF10 00000000 0000000D 00000006 00000002 00000001 00000000 00000000 00000000 00000001 00000002 00000006 00000000 00000000 00000000 000007F4 00000023
00D 00EE1 00000000 FFFFFFFC 00000006 00000002 00000001 00000000 00000000 00000000 00000001 00000002 00000006 00000000 00000000 00000000 000007F4 00000023
00F 113E1 00000000 00000000 00000006 00000002 00000001 00000000 00000000 00000000 00000001 00000002 00000006 00000000 00000000 00000000 000007F0 00000023
011 114E1 00000000 00000001 00000006 00000002 00000001 00000000 00000000 00000000 00000001 00000002 00000006 00000000 00000000 00000000 000007F0 00000023
013 11AE1 00000000 00000002 00000006 00000002 00000001 00000000 00000000 00000000 00000001 00000002 00000006 00000000 00000000 00000000 000007F0 00000023
015 11FE1 00000000 00000003 00000006 00000002 00000001 00000000 00000000 00000000 00000001 00000002 00000006 00000000 00000000 00000000 000007F0 00000023
017 01934 00000000 00000000 00000006 00000002 00000001 00000000 00000000 00000000 00000001 00000002 00000006 00000000 00000000 00000000 000007F0 00000023
018 02994 00000000 00000000 00000006 00000002 00000001 00000000 00000000 00000000 00000001 00000001 00000006 00000000 00000000 00000000 000007F0 00000023
019 0A190 00000000 0000001F 00000006 00000002 00000001 00000000 00000000 00000000 00000001 00000001 00000006 00000000 00000000 00000000 000007F0 00000023
01F 00331 00000000 FFFFFFFF 00000006 00000002 00000001 00000000 00000000 00000000 00000001 00000001 00000006 00000000 00000000 00000000 000007F0 00000023
021 0FF10 00000000 0000000D 00000006 00000001 00000001 00000000 00000000 00000000 00000001 00000001 00000006 00000000 00000000 00000000 000007F0 00000023
00D 00EE1 00000000 FFFFFFFC 00000006 00000001 00000001 00000000 00000000 00000000 00000001 00000001 00000006 00000000 00000000 00000000 000007F0 00000023
00F 113E1 00000000 00000000 00000006 00000001 00000001 00000000 00000000 00000000 00000001 00000001 00000006 00000000 00000000 00000000 000007EC 00000023
011 114E1 00000000 00000001 00000006 00000001 00000001 00000000 00000000 00000000 00000001 00000001 00000006 00000000 00000000 00000000 000007EC 00000023
013 11AE1 00000000 00000002 00000006 00000001 00000001 00000000 00000000 00000000 00000001 00000001 00000006 00000000 00000000 00000000 000007EC 00000023
015 11FE1 00000000 00000003 00000006 00000001 00000001 00000000 00000000 00000000 00000001 00000001 00000006 00000000 00000000 00000000 000007EC 00000023
017 01934 00000000 00000000 00000006 00000001 00000001 00000000 00000000 00000000 00000001 00000001 00000006 00000000 00000000 00000000 000007EC 00000023
018 02994 00000000 00000000 00000006 00000001 00000001 00000000 00000000 00000000 00000001 00000000 00000006 00000000 00000000 00000000 000007EC 00000023
019 0A190 00000000 0000001F 00000006 00000001 00000001 00000000 00000000 00000000 00000001 00000000 00000006 00000000 00000000 00000000 000007EC 00000023
01B 00210 00000000 00000001 00000006 00000001 00000001 00000000 00000000 00000000 00000001 00000000 00000006 00000000 00000000 00000000 000007EC 00000023
01D 09100 00000000 00000035 00000001 00000001 00000001 00000000 00000000 00000000 00000001 00000000 00000006 00000000 00000000 00000000 000007EC 00000023
035 00EE1 00000000 00000004 00000001 00000001 00000001 00000000 00000000 00000000 00000001 00000000 00000006 00000000 00000000 00000000 000007EC 00000023
037 09F00 00000000 00000000 00000001 00000001 00000001 00000000 00000000 00000000 00000001 00000000 00000006 00000000 00000000 00000000 000007F0 00000023
023 00A20 00000000 00000000 00000001 00000001 00000001 00000000 00000000 00000000 00000001 00000000 00000006 00000000 00000000 00000000 000007F0 00000023
024 103E1 00000000 00000000 00000001 00000001 00000001 00000000 00000000 00000000 00000001 00000000 00000001 00000000 00000000 00000000 000007F0 00000023
026 00331 00000000 FFFFFFFF 00000001 00000002 00000001 00000000 00000000 00000000 00000001 00000000 00000001 00000000 00000000 00000000 000007F0 00000023
028 00441 00000000 FFFFFFFF 00000001 00000001 00000001 00000000 00000000 00000000 00000001 00000000 00000001 00000000 00000000 00000000 000007F0 00000023
02A 0FF10 00000000 0000000D 00000001 00000001 00000000 00000000 00000000 00000000 00000001 00000000 00000001 00000000 00000000 00000000 000007F0 00000023
00D 00EE1 00000000 FFFFFFFC 00000001 00000001 00000000 00000000 00000000 00000000 00000001 00000000 00000001 00000000 00000000 00000000 000007F0 0000002C
00F 113E1 00000000 00000000 00000001 00000001 00000000 00000000 00000000 00000000 00000001 00000000 00000001 00000000 00000000 00000000 000007EC 0000002C
011 114E1 00000000 00000001 00000001 00000001 00000000 00000000 00000000 00000000 00000001 00000000 00000001 00000000 00000000 00000000 000007EC 0000002C
013 11AE1 00000000 00000002 00000001 00000001 00000000 00000000 00000000 00000000 00000001 00000000 00000001 00000000 00000000 00000000 000007EC 0000002C
015 11FE1 00000000 00000003 00000001 00000001 00000000 00000000 00000000 00000000 00000001 00000000 00000001 00000000 00000000 00000000 000007EC 0000002C
017 01934 00000000 00000000 00000001 00000001 00000000 00000000 00000000 00000000 00000001 00000000 00000001 00000000 00000000 00000000 000007EC 0000002C
018 02994 00000000 00000000 00000001 00000001 00000000 00000000 00000000 00000000 00000001 00000001 00000001 00000000 00000000 00000000 000007EC 0000002C
019 0A190 00000000 0000001F 00000001 00000001 00000000 00000000 00000000 00000000 00000001 00000000 00000001 00000000 00000000 00000000 000007EC 0000002C
01B 00210 00000000 00000001 00000001 00000001 00000000 00000000 00000000 00000000 00000001 00000000 00000001 00000000 00000000 00000000 000007EC 0000002C
01D 09100 00000000 00000035 00000001 00000001 00000000 00000000 00000000 00000000 00000001 00000000 00000001 00000000 00000000 00000000 000007EC 0000002C
035 00EE1 00000000 00000004 00000001 00000001 00000000 00000000 00000000 00000000 00000001 00000000 00000001 00000000 00000000 00000000 000007EC 0000002C
037 09F00 00000000 00000000 00000001 00000001 00000000 00000000 00000000 00000000 00000001 00000000 00000001 00000000 00000000 00000000 000007F0 0000002C
02C 0022A 00000000 00000000 00000001 00000001 00000000 00000000 00000000 00000000 00000001 00000000 00000001 00000000 00000000 00000000 000007F0 0000002C
02D 104E1 00000000 00000001 00000002 00000001 00000000 00000000 00000000 00000000 00000001 00000000 00000001 00000000 00000000 00000000 000007F0 0000002C
02F 10FE1 00000000 00000003 00000002 00000001 00000001 00000000 00000000 00000000 00000001 00000000 00000001 00000000 00000000 00000000 000007F0 0000002C
031 10AE1 00000000 00000002 00000002 00000001 00000001 00000000 00000000 00000000 00000001 00000000 00000001 00000000 00000000 00000000 000007F0 00000023
033 103E1 00000000 00000000 00000002 00000001 00000001 00000000 00000000 00000000 00000001 00000000 00000006 00000000 00000000 00000000 000007F0 00000023
035 00EE1 00000000 00000004 00000002 00000002 00000001 00000000 00000000 00000000 00000001 00000000 00000006 00000000 00000000 00000000 000007F0 00000023
037 09F00 00000000 00000000 00000002 00000002 00000001 00000000 00000000 00000000 00000001 00000000 00000006 00000000 00000000 00000000 000007F4 00000023
023 00A20 00000000 00000000 00000002 00000002 00000001 00000000 00000000 00000000 00000001 00000000 00000006 00000000 00000000 00000000 000007F4 00000023
024 103E1 00000000 00000000 00000002 00000002 00000001 00000000 00000000 00000000 00000001 00000000 00000002 00000000 00000000 00000000 000007F4 00000023
026 00331 00000000 FFFFFFFF 00000002 00000003 00000001 00000000 00000000 00000000 00000001 00000000 00000002 00000000 00000000 00000000 000007F4 00000023
028 00441 00000000 FFFFFFFF 00000002 00000002 00000001 00000000 00000000 00000000 00000001 00000000 00000002 00000000 00000000 00000000 000007F4 00000023
02A 0FF10 00000000 0000000D 00000002 00000002 00000000 00000000 00000000 00000000 00000001 00000000 00000002 00000000 00000000 00000000 000007F4 00000023
00D 00EE1 00000000 FFFFFFFC 00000002 00000002 00000000 00000000 00000000 00000000 00000001 00000000 00000002 00000000 00000000 00000000 000007F4 0000002C
00F 113E1 00000000 00000000 00000002 00000002 00000000 00000000 00000000 00000000 00000001 00000000 00000002 00000000 00000000 00000000 000007F0 0000002C
011 114E1 00000000 00000001 00000002 00000002 00000000 00000000 00000000 00000000 00000001 00000000 00000002 00000000 00000000 00000000 000007F0 0000002C
013 11AE1 00000000 00000002 00000002 00000002 00000000 00000000 00000000 00000000 00000001 00000000 00000002 00000000 00000000 00000000 000007F0 0000002C
015 11FE1 00000000 00000003 00000002 00000002 00000000 00000000 00000000 00000000 00000001 00000000 00000002 00000000 00000000 00000000 000007F0 0000002C
017 01934 00000000 00000000 00000002 00000002 00000000 00000000 00000000 00000000 00000001 00000000 00000002 00000000 00000000 00000000 000007F0 0000002C
018 02994 00000000 00000000 00000002 00000002 00000000 00000000 00000000 00000000 00000001 00000002 00000002 00000000 00000000 00000000 000007F0 0000002C
019 0A190 00000000 0000001F 00000002 00000002 00000000 00000000 00000000 00000000 00000001 00000000 00000002 00000000 00000000 00000000 000007F0 0000002C
01B 00210 00000000 00000001 00000002 00000002 00000000 00000000 00000000 00000000 00000001 00000000 00000002 00000000 00000000 00000000 000007F0 0000002C
01D 09100 00000000 00000035 00000001 00000002 00000000 00000000 00000000 00000000 00000001 00000000 00000002 00000000 00000000 00000000 000007F0 0000002C
035 00EE1 00000000 00000004 00000001 00000002 00000000 00000000 00000000 00000000 00000001 00000000 00000002 00000000 00000000 00000000 000007F0 0000002C
037 09F00 00000000 00000000 00000001 00000002 00000000 00000000 00000000 00000000 00000001 00000000 00000002 00000000 00000000 00000000 000007F4 0000002C
02C 0022A 00000000 00000000 00000001 00000002 00000000 00000000 00000000 00000000 00000001 00000000 00000002 00000000 00000000 00000000 000007F4 0000002C
02D 104E1 00000000 00000001 00000003 00000002 00000000 00000000 00000000 00000000 00000001 00000000 00000002 00000000 00000000 00000000 000007F4 0000002C
02F 10FE1 00000000 00000003 00000003 00000002 00000001 00000000 00000000 00000000 00000001 00000000 00000002 00000000 00000000 00000000 000007F4 0000002C
031 10AE1 00000000 00000002 00000003 00000002 00000001 00000000 00000000 00000000 00000001 00000000 00000002 00000000 00000000 00000000 000007F4 00000023
033 103E1 00000000 00000000 00000003 00000002 00000001 00000000 00000000 00000000 00000001 00000000 00000006 00000000 00000000 00000000 000007F4 00000023
035 00EE1 00000000 00000004 00000003 00000003 00000001 00000000 00000000 00000000 00000001 00000000 00000006 00000000 00000000 00000000 000007F4 00000023
037 09F00 00000000 00000000 00000003 00000003 00000001 00000000 00000000 00000000 00000001 00000000 00000006 00000000 00000000 00000000 000007F8 00000023
023 00A20 00000000 00000000 00000003 00000003 00000001 00000000 00000000 00000000 00000001 00000000 00000006 00000000 00000000 00000000 000007F8 00000023
024 103E1 00000000 00000000 00000003 00000003 00000001 00000000 00000000 00000000 00000001 00000000 00000003 00000000 00000000 00000000 000007F8 00000023
026 00331 00000000 FFFFFFFF 00000003 00000004 00000001 00000000 00000000 00000000 00000001 00000000 00000003 00000000 00000000 00000000 000007F8 00000023
028 00441 00000000 FFFFFFFF 00000003 00000003 00000001 00000000 00000000 00000000 00000001 00000000 00000003 00000000 00000000 00000000 000007F8 00000023
02A 0FF10 00000000 0000000D 00000003 00000003 00000000 00000000 00000000 00000000 00000001 00000000 00000003 00000000 00000000 00000000 000007F8 00000023
00D 00EE1 00000000 FFFFFFFC 00000003 00000003 00000000 00000000 00000000 00000000 00000001 00000000 00000003 00000000 00000000 00000000 000007F8 0000002C
00F 113E1 00000000 00000000 00000003 00000003 00000000 00000000 00000000 00000000 00000001 00000000 00000003 00000000 00000000 00000000 000007F4 0000002C
011 114E1 00000000 00000001 00000003 00000003 00000000 00000000 00000000 00000000 00000001 00000000 00000003 00000000 00000000 00000000 000007F4 0000002C
013 11AE1 00000000 00000002 00000003 00000003 00000000 00000000 00000000 00000000 00000001 00000000 00000003 00000000 00000000 00000000 000007F4 0000002C
015 11FE1 00000000 00000003 00000003 00000003 00000000 00000000 00000000 00000000 00000001 00000000 00000003 00000000 00000000 00000000 000007F4 0000002C
017 01934 00000000 00000000 00000003 00000003 00000000 00000000 00000000 00000000 00000001 00000000 00000003 00000000 00000000 00000000 000007F4 0000002C
018 02994 00000000 00000000 00000003 00000003 00000000 00000000 00000000 00000000 00000001 00000003 00000003 00000000 00000000 00000000 000007F4 0000002C
019 0A190 00000000 0000001F 00000003 00000003 00000000 00000000 00000000 00000000 00000001 00000000 00000003 00000000 00000000 00000000 000007F4 0000002C
01B 00210 00000000 00000001 00000003 00000003 00000000 00000000 00000000 00000000 00000001 00000000 00000003 00000000 00000000 00000000 000007F4 0000002C
01D 09100 00000000 00000035 00000001 00000003 00000000 00000000 00000000 00000000 00000001 00000000 00000003 00000000 00000000 00000000 000007F4 0000002C
035 00EE1 00000000 00000004 00000001 00000003 00000000 00000000 00000000 00000000 00000001 00000000 00000003 00000000 00000000 00000000 000007F4 0000002C
037 09F00 00000000 00000000 00000001 00000003 00000000 00000000 00000000 00000000 00000001 00000000 00000003 00000000 00000000 00000000 000007F8 0000002C
02C 0022A 00000000 00000000 00000001 00000003 00000000 00000000 00000000 00000000 00000001 00000000 00000003 00000000 00000000 00000000 000007F8 0000002C
02D 104E1 00000000 00000001 00000004 00000003 00000000 00000000 00000000 00000000 00000001 00000000 00000003 00000000 00000000 00000000 000007F8 0000002C
02F 10FE1 00000000 00000003 00000004 00000003 00000001 00000000 00000000 00000000 00000001 00000000 00000003 00000000 00000000 00000000 000007F8 0000002C
031 10AE1 00000000 00000002 00000004 00000003 00000001 00000000 00000000 00000000 00000001 00000000 00000003 00000000 00000000 00000000 000007F8 0000002C
033 103E1 00000000 00000000 00000004 00000003 00000001 00000000 00000000 00000000 00000001 00000000 00000006 00000000 00000000 00000000 000007F8 0000002C
035 00EE1 00000000 00000004 00000004 00000004 00000001 00000000 00000000 00000000 00000001 00000000 00000006 00000000 00000000 00000000 000007F8 0000002C
037 09F00 00000000 00000000 00000004 00000004 00000001 00000000 00000000 00000000 00000001 00000000 00000006 00000000 00000000 00000000 000007FC 0000002C
02C 0022A 00000000 00000000 00000004 00000004 00000001 00000000 00000000 00000000 00000001 00000000 00000006 00000000 00000000 00000000 000007FC 0000002C
02D 104E1 00000000 00000001 0000000A 00000004 00000001 00000000 00000000 00000000 00000001 00000000 00000006 00000000 00000000 00000000 000007FC 0000002C
02F 10FE1 00000000 00000003 0000000A 00000004 00000002 00000000 00000000 00000000 00000001 00000000 00000006 00000000 00000000 00000000 000007FC 0000002C
031 10AE1 00000000 00000002 0000000A 00000004 00000002 00000000 00000000 00000000 00000001 00000000 00000006 00000000 00000000 00000000 000007FC 0000000A
033 103E1 00000000 00000000 0000000A 00000004 00000002 00000000 00000000 00000000 00000001 00000000 00000000 00000000 00000000 00000000 000007FC 0000000A
035 00EE1 00000000 00000004 0000000A 00000005 00000002 00000000 00000000 00000000 00000001 00000000 00000000 00000000 00000000 00000000 000007FC 0000000A
037 09F00 00000000 00000000 0000000A 00000005 00000002 00000000 00000000 00000000 00000001 00000000 00000000 00000000 00000000 00000000 00000800 0000000A
00A 11201 00000000 00000102 0000000A 00000005 00000002 00000000 00000000 00000000 00000001 00000000 00000000 00000000 00000000 00000000 00000800 0000000A
00C 15000 00000000 00000000 0000000A 00000005 00000002 00000000 00000000 00000000 00000001 00000000 00000000 00000000 00000000 00000000 00000800 0000000A
